0.00	3.038760	258	13.440358
0.25	3.766756	373	25.723077
0.50	2.089231	650	13.801269
0.75	3.253319	904	17.487821
1.00	4.186347	1084	21.675607
1.25	3.623553	1469	20.105395
1.50	5.780108	1669	45.516057
1.75	5.070436	2158	38.554816
2.00	5.198624	2180	40.573851
2.25	4.723026	2697	44.855061
2.50	4.479080	3131	37.237745
2.75	4.938925	3553	44.024697
3.00	4.581924	3607	33.546865
3.25	4.741878	3940	31.435657
3.50	4.760186	3436	37.202676
3.75	5.600340	3528	51.027347
4.00	5.730202	4066	54.999270
4.25	5.484632	4620	43.964482
4.50	5.699149	4700	60.210765
4.75	6.828053	4135	62.126420
5.00	6.907900	4582	59.054809
5.25	7.609825	4967	55.784143
5.50	7.741813	4733	79.957848
5.75	8.619559	4939	72.444655
6.00	8.920911	4830	72.635567
6.25	8.593679	4873	102.320436
6.50	9.558382	4796	72.005974
6.75	10.155592	4846	86.162749
7.00	10.355851	5033	81.960197
7.25	11.138953	5160	77.798328
7.50	11.873762	5252	82.884483
7.75	12.313360	5524	84.882074
8.00	12.553942	5784	91.962166
8.25	13.244804	5870	95.760344
8.50	13.282809	5753	91.428623
8.75	14.274428	5506	87.441398
9.00	14.854146	5958	114.585809
9.25	16.304485	6332	164.759784
9.50	16.275513	6624	106.376538
9.75	16.385010	6818	85.255845
10.00	16.537239	7049	85.610792
10.25	16.639525	7332	88.060047
10.50	17.411475	7512	94.389927
10.75	17.531665	7832	100.153236
11.00	17.917902	7625	95.616080
11.25	18.248046	7934	93.585814
11.50	18.576243	8309	108.117818
11.75	18.421857	8510	101.225797
12.00	18.970323	8862	194.842608
12.25	19.463573	9416	193.885249
12.50	19.478412	10052	147.856378
12.75	19.541097	10098	103.128089
13.00	20.151382	10206	112.080258
13.25	20.342273	10962	103.285330
13.50	20.301632	10904	102.386916
13.75	20.304375	11108	86.787532
14.00	20.415503	11675	89.001575
14.25	20.749878	12246	94.013300
14.50	20.849951	12336	85.355323
14.75	21.018298	12624	86.756082
15.00	21.104555	13084	90.275525
15.25	21.045183	14209	101.599901
15.50	21.136837	14974	91.418634
15.75	21.520519	15498	90.971350
16.00	21.682515	16574	87.199191
16.25	21.612443	17102	90.552992
16.50	21.519617	18275	84.439930
16.75	21.580603	19354	79.118774
17.00	21.676212	20498	73.087034
17.25	21.638431	22029	79.427804
17.50	21.875555	24340	70.107480
17.75	21.991982	26814	67.716539
18.00	22.261615	28863	72.382550
18.25	22.432089	32248	72.231248
18.50	22.569610	34650	77.880883
18.75	22.971551	38525	70.726251
19.00	23.174094	43465	62.088476
19.25	23.376254	50123	63.980552
19.50	23.499039	57773	61.035452
19.75	23.629355	66012	58.848367
20.00	23.824914	77259	91.685714
20.25	23.748491	91921	72.302220
20.50	23.929940	111548	512.323264
20.75	23.824330	133039	52.349667
21.00	23.944760	157259	92.012204
21.25	24.325291	186602	-8496.572883
21.50	24.345641	221756	-7038.114507
21.75	24.327491	264401	-5819.386281
22.00	24.342021	316492	-4991.534995
22.25	24.310666	376762	350.221813
22.50	24.442661	446956	937.325208
22.75	24.412993	529406	321.688832
23.00	24.422421	626621	126.112349
23.25	24.516392	739312	2073.306563
23.50	24.501504	869595	258.540349
23.75	24.456633	1015152	117.416352
24.00	24.448918	1178927	106.017577
24.25	24.463110	1364490	44.655908
24.50	24.481378	1573062	43.263988
24.75	24.495680	1807904	40.545277
25.00	24.558443	2069187	1754.384267
25.25	24.587820	2355383	3197.373791
25.50	24.547888	2664173	844.215123
25.75	24.540533	2996745	62.274812
26.00	24.557099	3352704	44.128656
26.25	24.575245	3731023	46.408056
26.50	24.593546	4141984	44.476633
26.75	24.599319	4570795	44.592722
27.00	24.595685	5021064	45.016900
27.25	24.640485	5496251	-339.565857
27.50	24.607583	5987021	-247.275438
27.75	24.633362	6501185	-995.051239
28.00	24.655322	7030529	-886.384848
28.25	24.643997	7545253	-106.209780
28.50	24.635367	8092692	39.970615
28.75	24.638260	8640266	97.108973
29.00	24.636418	9199635	40.025214
29.25	24.646605	9752196	40.003667
29.50	24.664184	10304213	41.685956
29.75	24.669835	10855145	42.467185
30.00	24.680202	11409404	40.303273
30.25	24.683783	11959738	39.873761
30.50	24.684820	12504762	39.794826
30.75	24.689881	13052339	39.881640
31.00	24.692322	13587378	40.171761
31.25	24.694493	14103455	39.932067
31.50	24.699491	14599190	39.912979
31.75	24.710593	15071426	40.131745
32.00	24.710508	15523393	39.985834
32.25	24.715373	15966092	41.084921
32.50	24.721146	16411316	40.640606
32.75	24.724002	16831727	40.887402
33.00	24.732692	17215519	39.939770
33.25	24.739424	17574033	40.168565
33.50	24.738269	17909909	129.803554
33.75	24.743599	18218860	176.403435
34.00	24.750613	18499099	263.334849
34.25	24.755667	18749315	252.756972
34.50	24.762684	19001196	150.445672
34.75	24.766979	19222765	99.271323
35.00	24.780497	19414847	196.183062
35.25	24.798636	19573927	548.357013
35.50	24.792481	19692480	223.458547
35.75	24.802543	19792668	311.373425
36.00	24.814106	19876488	333.140113
36.25	24.810573	19921541	136.942191
36.50	24.812481	19978079	151.108997
36.75	24.815927	20017940	128.026846
37.00	24.822239	20018728	122.794033
37.25	24.830179	19973461	161.133594
37.50	24.840488	19934462	160.383153
37.75	24.860005	19872529	571.316691
38.00	24.853476	19796164	303.488054
38.25	24.867938	19718195	476.524226
38.50	24.871037	19625342	305.575109
38.75	24.884644	19496878	316.870191
39.00	24.884101	19366085	190.349914
39.25	24.890407	19218556	66.504958
39.50	24.894302	19081978	56.905020
39.75	24.906596	18918469	66.559210
40.00	24.911162	18728646	51.187920
40.25	24.919341	18556889	47.516982
40.50	24.930057	18377685	54.857181
40.75	24.949598	18192144	72.589835
41.00	24.955418	17987494	54.066644
41.25	24.962752	17783733	59.279157
41.50	24.968522	17559758	69.534715
41.75	24.970197	17352915	59.831692
42.00	24.978747	17142084	75.926636
42.25	24.985424	16924199	71.402805
42.50	24.992354	16694332	66.498844
42.75	25.005176	16435099	89.011074
43.00	25.013302	16168911	120.401213
43.25	25.023459	15911641	61.578803
43.50	25.033526	15637593	66.479768
43.75	25.050022	15373355	203.188960
44.00	25.071433	15087472	171.317690
44.25	25.079683	14782763	76.665751
44.50	25.098015	14491616	128.429646
44.75	25.113196	14209688	264.019964
45.00	25.127250	13906591	307.656734
45.25	25.133635	13591369	76.067291
45.50	25.150227	13271026	47.712192
45.75	25.166197	12929851	46.653765
46.00	25.187789	12604081	51.855403
46.25	25.205301	12267992	54.529765
46.50	25.224417	11926613	51.095595
46.75	25.260778	11607013	46.202871
47.00	25.284750	11283152	46.393809
47.25	25.308478	10960031	47.695680
47.50	25.333889	10634571	48.060693
47.75	25.358792	10311916	48.433787
48.00	25.385455	9997228	49.919829
48.25	25.422254	9701438	122.411289
48.50	25.450794	9414775	50.291833
48.75	25.485215	9120510	48.120643
49.00	25.533460	8836450	47.923620
49.25	25.563299	8548327	49.019366
49.50	25.607052	8276547	60.251110
49.75	25.639739	8006050	128.233972
50.00	25.684533	7745976	69.512378
50.25	25.734650	7496025	54.206177
50.50	25.783956	7243969	54.623617
50.75	25.835821	7003384	66.065983
51.00	25.886602	6766652	49.989540
51.25	25.951492	6539106	50.152646
51.50	26.014553	6316205	50.320802
51.75	26.069703	6106823	57.669114
52.00	26.140663	5892121	68.878714
52.25	26.199792	5698904	51.194171
52.50	26.283147	5508834	58.147048
52.75	26.364496	5320676	51.307162
53.00	26.430131	5145327	51.935586
53.25	26.510284	4959938	54.649115
53.50	26.582511	4789881	55.633082
53.75	26.666258	4636622	80.028590
54.00	26.746870	4480983	55.987549
54.25	26.822067	4324943	52.816058
54.50	26.901466	4180867	53.095885
54.75	27.002342	4035473	65.360671
55.00	27.075440	3903569	55.814623
55.25	27.156323	3770530	53.726901
55.50	27.249286	3643906	54.067702
55.75	27.327266	3510839	54.315709
56.00	27.418061	3385256	54.426799
56.25	27.517922	3274829	59.034222
56.50	27.593810	3160050	54.508258
56.75	27.663435	3043981	54.866677
57.00	27.742490	2941679	55.446191
57.25	27.835095	2850049	144.205667
57.50	27.916727	2751948	56.297657
57.75	28.003596	2657912	57.044972
58.00	28.103873	2567469	57.217545
58.25	28.193497	2485930	57.581599
58.50	28.281834	2396953	58.385541
58.75	28.395337	2318278	58.227963
59.00	28.489397	2237509	58.466953
59.25	28.569596	2164172	60.617008
59.50	28.642772	2089352	61.655081
59.75	28.736561	2019685	60.523034
60.00	28.817597	1949199	60.901999
60.25	28.883239	1888457	61.771827
60.50	29.001490	1817029	94.834304
60.75	29.079663	1748487	63.311422
61.00	29.181377	1685886	62.619534
61.25	29.279232	1624018	65.685991
61.50	29.392063	1560447	71.688451
61.75	29.488408	1500496	65.821446
62.00	29.561995	1442640	69.659276
62.25	29.630850	1384899	90.140220
62.50	29.710295	1327670	89.974414
62.75	29.796839	1270215	114.112267
63.00	29.895110	1214974	118.674615
63.25	29.962418	1163492	142.530883
63.50	30.037969	1113017	96.278572
63.75	30.113066	1060817	103.749064
64.00	30.183751	1011360	152.520565
64.25	30.270283	963691	100.536455
64.50	30.363840	916257	108.827568
64.75	30.464836	868396	112.132225
65.00	30.547764	821815	83.831695
65.25	30.574157	777477	76.990949
65.50	30.589262	738989	77.402661
65.75	30.601600	696926	119.252465
66.00	30.615674	656852	76.864009
66.25	30.645273	620063	77.422965
66.50	30.620388	582116	78.987398
66.75	30.637309	551844	79.130944
67.00	30.560030	520083	80.265824
67.25	30.592167	489450	81.090462
67.50	30.670493	459489	81.271129
67.75	30.711058	434772	81.252932
68.00	30.687044	407460	82.938727
68.25	30.647787	382149	84.684861
68.50	30.554646	360129	89.624259
68.75	30.491912	340813	87.172464
69.00	30.488062	322834	86.290479
69.25	30.471551	308276	98.301981
69.50	30.432243	293372	86.646272
69.75	30.392263	281138	88.714522
70.00	30.398444	267659	90.881406
70.25	30.427671	257104	92.069587
70.50	30.388224	246891	87.907053
70.75	30.222344	237659	89.083767
71.00	30.248461	226836	88.591514
71.25	30.281636	219102	88.246187
71.50	30.210152	208844	88.998878
71.75	30.214774	199135	90.310982
72.00	30.279471	192217	94.784177
72.25	30.258019	184870	91.221629
72.50	30.260820	177429	646.117022
72.75	30.253693	172918	436.985571
73.00	30.190440	169030	98.255255
73.25	30.147972	163457	85.410879
73.50	30.080912	156022	83.687163
73.75	29.913501	149332	83.121579
74.00	29.818654	143968	82.842947
74.25	29.767454	138145	83.708686
74.50	29.681160	133396	83.782236
74.75	29.524860	130189	83.375791
75.00	29.376187	124018	86.476764
75.25	29.276868	118060	84.102939
75.50	29.097469	113133	84.944041
75.75	28.992714	109939	107.545886
76.00	28.901934	106102	113.991033
76.25	28.854808	102464	92.714973
76.50	28.724530	97891	83.604210
76.75	28.600382	91007	81.674736
77.00	28.361131	86013	82.512580
77.25	28.183059	83514	81.593953
77.50	27.960251	78844	82.776691
77.75	27.809644	75301	80.562349
78.00	27.720788	71469	80.614607
78.25	27.537083	66742	90.618856
78.50	27.454241	63823	95.914453
78.75	27.401670	60109	80.569200
79.00	27.119969	55923	86.377057
79.25	26.845171	51786	81.044888
79.50	26.717519	47890	82.621395
79.75	26.627008	45009	87.208207
80.00	26.341043	42502	85.708569
80.25	26.009184	38980	83.855637
80.50	26.046126	35858	237.214449
80.75	25.849276	32397	182.715406
81.00	25.165045	30319	136.993572
81.25	24.901048	26326	96.287291
81.50	24.893773	23544	192.074215
81.75	24.622764	21016	204.668694
82.00	24.231975	18571	140.507816
82.25	24.307355	16398	71.205204
82.50	24.090565	14277	68.949212
82.75	23.613843	13176	67.197726
83.00	23.197429	11903	65.501138
83.25	22.980868	9722	62.289081
83.50	22.947963	8148	57.229987
83.75	22.732841	7576	60.167802
84.00	22.287112	6642	63.061650
84.25	21.778008	5793	62.387454
84.50	21.591185	4946	61.256243
84.75	21.256095	4471	58.547030
85.00	21.239043	3468	55.364139
85.25	21.309372	2977	54.575099
85.50	20.015578	2311	54.278425
85.75	19.846667	2100	51.489822
86.00	19.454796	1814	52.991066
86.25	19.736376	1468	50.439358
86.50	19.180905	1194	53.737793
86.75	18.719090	1011	68.255412
87.00	20.045273	751	57.758270
87.25	19.356145	716	59.399697
87.50	19.783939	523	67.790794
87.75	17.607565	423	78.210061
88.00	15.330189	318	57.944435
88.25	14.703390	236	41.428972
88.50	13.474286	175	32.683624
88.75	15.154696	181	33.920820
89.00	15.151724	145	25.039049
89.25	13.364706	170	16.866990
89.50	15.191489	94	21.920779
89.75	13.290323	31	22.915713
90.00	13.489796	49	33.474386
90.25	8.518519	27	1.286694
90.50	9.636364	11	0.776860
90.75	10.000000	3	0.000000
91.00	0.000000	0	0.000000
91.25	0.000000	0	0.000000
91.50	0.000000	0	0.000000
91.75	0.000000	0	0.000000
92.00	0.000000	0	0.000000
92.25	0.000000	0	0.000000
92.50	0.000000	0	0.000000
92.75	0.000000	0	0.000000
93.00	0.000000	0	0.000000
93.25	0.000000	0	0.000000
93.50	0.000000	0	0.000000
93.75	0.000000	0	0.000000
94.00	0.000000	0	0.000000
94.25	0.000000	0	0.000000
94.50	0.000000	0	0.000000
94.75	0.000000	0	0.000000
95.00	0.000000	0	0.000000
95.25	0.000000	0	0.000000
95.50	0.000000	0	0.000000
95.75	0.000000	0	0.000000
96.00	0.000000	0	0.000000
96.25	0.000000	0	0.000000
96.50	0.000000	0	0.000000
96.75	0.000000	0	0.000000
97.00	0.000000	0	0.000000
97.25	0.000000	0	0.000000
97.50	0.000000	0	0.000000
97.75	0.000000	0	0.000000
98.00	0.000000	0	0.000000
98.25	0.000000	0	0.000000
98.50	0.000000	0	0.000000
98.75	0.000000	0	0.000000
99.00	0.000000	0	0.000000
99.25	0.000000	0	0.000000
99.50	0.000000	0	0.000000
99.75	0.000000	0	0.000000
100.00	0.000000	0	0.000000
